p,Method,rel_risk
5,RandSplitForest,1.5822262240885627
5,RandSplitForest,1.521304963070076
5,RandSplitForest,1.5823815975093498
5,RandSplitForest,1.3326280836523257
5,RandSplitForest,2.1550218299508495
5,RandSplitForest,1.8734606922857708
5,RandSplitForest,1.3619164225106466
5,RandSplitForest,1.5397549009693996
5,RandSplitForest,1.8677455089332582
5,RandSplitForest,1.7491819628676237
5,RandSplitForest,1.4999999285044134
5,RandSplitForest,1.321137383375157
5,RandSplitForest,1.7067774529345958
5,RandSplitForest,1.43146922450358
5,RandSplitForest,1.4089605358243764
5,RandSplitForest,2.234686050614068
5,RandSplitForest,1.4275751473445029
5,RandSplitForest,1.4597578696584947
5,RandSplitForest,1.4838088701569043
5,RandSplitForest,1.7327193302466886
5,RandSplitForest,2.2110762409381217
5,RandSplitForest,1.4195582021459836
5,RandSplitForest,1.3756126243661728
5,RandSplitForest,2.041441422917008
5,RandSplitForest,1.5256093712001624
5,RandSplitForest,1.817570571276984
5,RandSplitForest,1.8513161127860873
5,RandSplitForest,1.8339230825711146
5,RandSplitForest,1.4381229721901818
5,RandSplitForest,1.6682166618434042
5,RandSplitForest,1.6110137226438923
5,RandSplitForest,1.4987417656758955
5,RandSplitForest,1.5341474815964768
5,RandSplitForest,1.5165939787487779
5,RandSplitForest,2.083948507677067
5,RandSplitForest,1.4655581718251003
5,RandSplitForest,1.3603133776057688
5,RandSplitForest,1.7462392936812259
5,RandSplitForest,1.4648293226328888
5,RandSplitForest,1.3674625412412353
5,RandSplitForest,1.6385845587821726
5,RandSplitForest,1.5291209150959426
5,RandSplitForest,1.617023816651471
5,RandSplitForest,1.3670618084416757
5,RandSplitForest,1.8393145027099185
5,RandSplitForest,1.8881373298067583
5,RandSplitForest,1.7528975317078874
5,RandSplitForest,1.4913255863412305
5,RandSplitForest,1.6859569775652812
5,RandSplitForest,1.4018810502568126
5,"StochOptForest
(apx-soln)",1.1543779887160577
5,"StochOptForest
(apx-soln)",1.1228130218020258
5,"StochOptForest
(apx-soln)",1.0932226772806222
5,"StochOptForest
(apx-soln)",1.0836991689424327
5,"StochOptForest
(apx-soln)",1.5386184909810159
5,"StochOptForest
(apx-soln)",1.1916887074043938
5,"StochOptForest
(apx-soln)",1.1017730423659813
5,"StochOptForest
(apx-soln)",1.123235430008541
5,"StochOptForest
(apx-soln)",1.2634019145483952
5,"StochOptForest
(apx-soln)",1.060685819631419
5,"StochOptForest
(apx-soln)",1.0835601252287568
5,"StochOptForest
(apx-soln)",1.095965982994764
5,"StochOptForest
(apx-soln)",1.2652345320450413
5,"StochOptForest
(apx-soln)",1.1138777019125978
5,"StochOptForest
(apx-soln)",1.0765341645538116
5,"StochOptForest
(apx-soln)",1.485374081796411
5,"StochOptForest
(apx-soln)",1.0880427992266908
5,"StochOptForest
(apx-soln)",1.0741660247379634
5,"StochOptForest
(apx-soln)",1.0860137713309732
5,"StochOptForest
(apx-soln)",1.2027332625295102
5,"StochOptForest
(apx-soln)",1.7199379840811293
5,"StochOptForest
(apx-soln)",1.1668697254629525
5,"StochOptForest
(apx-soln)",1.075728636454206
5,"StochOptForest
(apx-soln)",1.6283609471058256
5,"StochOptForest
(apx-soln)",1.088890666046703
5,"StochOptForest
(apx-soln)",1.2399737623764138
5,"StochOptForest
(apx-soln)",1.3243224408739616
5,"StochOptForest
(apx-soln)",1.3356187520105236
5,"StochOptForest
(apx-soln)",1.0716072493193527
5,"StochOptForest
(apx-soln)",1.1102733654460304
5,"StochOptForest
(apx-soln)",1.0928388015482546
5,"StochOptForest
(apx-soln)",1.1521973323448729
5,"StochOptForest
(apx-soln)",1.0885539764110883
5,"StochOptForest
(apx-soln)",1.096209341926766
5,"StochOptForest
(apx-soln)",1.6406309537227615
5,"StochOptForest
(apx-soln)",1.0973892178346538
5,"StochOptForest
(apx-soln)",1.0736317200653567
5,"StochOptForest
(apx-soln)",1.1512192696432126
5,"StochOptForest
(apx-soln)",1.0966557336707203
5,"StochOptForest
(apx-soln)",1.132408887592149
5,"StochOptForest
(apx-soln)",1.3256313043905128
5,"StochOptForest
(apx-soln)",1.110535189744641
5,"StochOptForest
(apx-soln)",1.199634828198044
5,"StochOptForest
(apx-soln)",1.0654487511570723
5,"StochOptForest
(apx-soln)",1.1952086156000998
5,"StochOptForest
(apx-soln)",1.2388792638035733
5,"StochOptForest
(apx-soln)",1.0622707172701231
5,"StochOptForest
(apx-soln)",1.0910308269741467
5,"StochOptForest
(apx-soln)",1.1768452462160734
5,"StochOptForest
(apx-soln)",1.089091002249117
5,"StochOptForest
(apx-risk)",1.1517755601282917
5,"StochOptForest
(apx-risk)",1.1307777399357353
5,"StochOptForest
(apx-risk)",1.097983191890206
5,"StochOptForest
(apx-risk)",1.1072431232829465
5,"StochOptForest
(apx-risk)",1.389595367711896
5,"StochOptForest
(apx-risk)",1.1618199421490576
5,"StochOptForest
(apx-risk)",1.1291271422572353
5,"StochOptForest
(apx-risk)",1.1190241498591946
5,"StochOptForest
(apx-risk)",1.257644374664657
5,"StochOptForest
(apx-risk)",1.0667797925248592
5,"StochOptForest
(apx-risk)",1.081950953194006
5,"StochOptForest
(apx-risk)",1.096448336927097
5,"StochOptForest
(apx-risk)",1.2413732416170695
5,"StochOptForest
(apx-risk)",1.106488012679032
5,"StochOptForest
(apx-risk)",1.0786130847464943
5,"StochOptForest
(apx-risk)",1.4978921865056734
5,"StochOptForest
(apx-risk)",1.101234374959445
5,"StochOptForest
(apx-risk)",1.0754628996369477
5,"StochOptForest
(apx-risk)",1.0985570173414851
5,"StochOptForest
(apx-risk)",1.2026109142055987
5,"StochOptForest
(apx-risk)",1.6274173194395074
5,"StochOptForest
(apx-risk)",1.165602284102986
5,"StochOptForest
(apx-risk)",1.0928501406232058
5,"StochOptForest
(apx-risk)",1.5977213831400379
5,"StochOptForest
(apx-risk)",1.1071914980608755
5,"StochOptForest
(apx-risk)",1.1963114434718454
5,"StochOptForest
(apx-risk)",1.3161868807530908
5,"StochOptForest
(apx-risk)",1.2745952874452262
5,"StochOptForest
(apx-risk)",1.066778734140885
5,"StochOptForest
(apx-risk)",1.1390769100700715
5,"StochOptForest
(apx-risk)",1.1015166915396875
5,"StochOptForest
(apx-risk)",1.132316680529715
5,"StochOptForest
(apx-risk)",1.0818768676493187
5,"StochOptForest
(apx-risk)",1.0703819442154057
5,"StochOptForest
(apx-risk)",1.6285631079482863
5,"StochOptForest
(apx-risk)",1.1347111468474385
5,"StochOptForest
(apx-risk)",1.0661003502200013
5,"StochOptForest
(apx-risk)",1.1409734734405468
5,"StochOptForest
(apx-risk)",1.1103514414200601
5,"StochOptForest
(apx-risk)",1.1345603040080943
5,"StochOptForest
(apx-risk)",1.3350055348319063
5,"StochOptForest
(apx-risk)",1.1001976049734918
5,"StochOptForest
(apx-risk)",1.1914537162357601
5,"StochOptForest
(apx-risk)",1.0943511098589669
5,"StochOptForest
(apx-risk)",1.2080607151608564
5,"StochOptForest
(apx-risk)",1.2230726048075788
5,"StochOptForest
(apx-risk)",1.0718540293896526
5,"StochOptForest
(apx-risk)",1.0972334882555186
5,"StochOptForest
(apx-risk)",1.152290312489402
5,"StochOptForest
(apx-risk)",1.0838056782956151
5,5-NN,1.8612861241375014
5,5-NN,1.9102869029525815
5,5-NN,1.928412677285846
5,5-NN,1.8069712400345777
5,5-NN,2.403555841112116
5,5-NN,2.299568904009715
5,5-NN,1.919039543841136
5,5-NN,2.0399027523323507
5,5-NN,2.3398594877792145
5,5-NN,1.8801933484616444
5,5-NN,1.6463368729039396
5,5-NN,1.7545891680438153
5,5-NN,1.976301292936293
5,5-NN,1.8482878125331217
5,5-NN,1.8805257110570783
5,5-NN,1.9575132274710436
5,5-NN,1.9581951560204316
5,5-NN,1.9476904769073227
5,5-NN,1.895314830351637
5,5-NN,1.9381870449226422
5,5-NN,2.39929944926617
5,5-NN,1.9050546118587968
5,5-NN,2.0521126231150686
5,5-NN,2.3171188420213165
5,5-NN,1.7690557020927533
5,5-NN,2.283263694280543
5,5-NN,2.2030163601570605
5,5-NN,2.1896205349543623
5,5-NN,2.0618874059696517
5,5-NN,1.8627538011435578
5,5-NN,1.7816068613197547
5,5-NN,2.0563699922501186
5,5-NN,2.033637832489134
5,5-NN,2.1267569521484884
5,5-NN,2.6039970524540172
5,5-NN,1.9797305095260915
5,5-NN,1.6718252863264482
5,5-NN,1.9166875600444915
5,5-NN,2.182159079947006
5,5-NN,1.8965184442714362
5,5-NN,2.0330703462534045
5,5-NN,1.8144158440517248
5,5-NN,1.9843552700578933
5,5-NN,1.759717952135875
5,5-NN,2.104125646007576
5,5-NN,2.321382593933738
5,5-NN,1.5048298348584952
5,5-NN,1.7978813884432707
5,5-NN,1.8388896488322073
5,5-NN,1.9485258727417163
5,10-NN,1.5227270693574688
5,10-NN,1.5410021047272295
5,10-NN,1.5741108040344076
5,10-NN,1.394843336824769
5,10-NN,2.0730989484831475
5,10-NN,1.738387876916517
5,10-NN,1.411073214960556
5,10-NN,1.6266146647242474
5,10-NN,1.711835242211996
5,10-NN,1.57186904008075
5,10-NN,1.3088919504002952
5,10-NN,1.383531350543938
5,10-NN,1.4596357320886038
5,10-NN,1.4100398145815185
5,10-NN,1.3545597372764109
5,10-NN,1.6802386178321447
5,10-NN,1.4957025985788266
5,10-NN,1.4933520677717482
5,10-NN,1.4833442096665663
5,10-NN,1.6542496189698486
5,10-NN,1.9868567913984028
5,10-NN,1.435760008087296
5,10-NN,1.6293577269373554
5,10-NN,1.8324539175550574
5,10-NN,1.3552274014813632
5,10-NN,1.8315727379963307
5,10-NN,1.7716600076124456
5,10-NN,1.5536921286998107
5,10-NN,1.5676299584303028
5,10-NN,1.4453261646616127
5,10-NN,1.4489724984965484
5,10-NN,1.6787862972180743
5,10-NN,1.515203647903749
5,10-NN,1.647467445338135
5,10-NN,1.9784480816277707
5,10-NN,1.395366551930474
5,10-NN,1.4080966929184273
5,10-NN,1.4735856945345962
5,10-NN,1.7253276111366753
5,10-NN,1.4482933528338489
5,10-NN,1.577451286938162
5,10-NN,1.5023287984387996
5,10-NN,1.5673441961473051
5,10-NN,1.4122977999855422
5,10-NN,1.8067751033775197
5,10-NN,1.6892807620586838
5,10-NN,1.3619246769128193
5,10-NN,1.3949933716952627
5,10-NN,1.437198588427956
5,10-NN,1.5050276686339064
5,50-NN,1.5105318585290533
5,50-NN,1.4015885042626863
5,50-NN,1.2852210200402556
5,50-NN,1.2335927860216032
5,50-NN,2.0280814022726514
5,50-NN,1.604003691065141
5,50-NN,1.2973831287353959
5,50-NN,1.4386804860202038
5,50-NN,1.6155618292164082
5,50-NN,1.522746934085364
5,50-NN,1.3096563393186973
5,50-NN,1.2114074398841794
5,50-NN,1.4849789912608333
5,50-NN,1.3094825978075475
5,50-NN,1.1781654515695499
5,50-NN,1.8785884500970227
5,50-NN,1.2132809888527265
5,50-NN,1.2736882965031366
5,50-NN,1.3744590967950356
5,50-NN,1.5766289382261358
5,50-NN,1.9754266822766413
5,50-NN,1.2863482560713035
5,50-NN,1.3828031788246322
5,50-NN,1.8635911090928359
5,50-NN,1.3436081654776353
5,50-NN,1.5784458273558564
5,50-NN,1.657692720980922
5,50-NN,1.522461136895808
5,50-NN,1.3439564738670433
5,50-NN,1.44447365136293
5,50-NN,1.344902820218994
5,50-NN,1.3773422222234206
5,50-NN,1.3620372364788034
5,50-NN,1.4046567911394146
5,50-NN,1.873086149088205
5,50-NN,1.1843149367424985
5,50-NN,1.297602425284154
5,50-NN,1.4700351975905384
5,50-NN,1.4222156981517677
5,50-NN,1.1910878821692705
5,50-NN,1.5210996882139234
5,50-NN,1.3688347988725096
5,50-NN,1.4211627298369731
5,50-NN,1.2163110171072222
5,50-NN,1.5895893036377147
5,50-NN,1.4926220157939296
5,50-NN,1.420027273167921
5,50-NN,1.285804762314732
5,50-NN,1.4109161219491937
5,50-NN,1.2886775031997866
5,100-NN,1.6205182258737312
5,100-NN,1.4176541298779621
5,100-NN,1.3889269792351018
5,100-NN,1.2183376210066885
5,100-NN,2.134267751154047
5,100-NN,1.6637325761151691
5,100-NN,1.298567760161422
5,100-NN,1.4791707855610396
5,100-NN,1.648424540556399
5,100-NN,1.5607362646610636
5,100-NN,1.3315841719669688
5,100-NN,1.2491130963193982
5,100-NN,1.649791917152774
5,100-NN,1.321325365926422
5,100-NN,1.2931050015050605
5,100-NN,2.091597186559164
5,100-NN,1.2467038762424554
5,100-NN,1.281152300612953
5,100-NN,1.4289197878398934
5,100-NN,1.6205516026394151
5,100-NN,2.0264840257329135
5,100-NN,1.3093028359354646
5,100-NN,1.3332009193710586
5,100-NN,1.9690280369951503
5,100-NN,1.4354745674334939
5,100-NN,1.6683949956918331
5,100-NN,1.6824302026877762
5,100-NN,1.7333004651431065
5,100-NN,1.3662439664574668
5,100-NN,1.4657426407958405
5,100-NN,1.4715566853056372
5,100-NN,1.4694900960859223
5,100-NN,1.4164503131876787
5,100-NN,1.456031363330909
5,100-NN,1.9931864766001428
5,100-NN,1.2078326493045028
5,100-NN,1.3123238190838025
5,100-NN,1.4792069598144075
5,100-NN,1.4499645551207088
5,100-NN,1.1894956354658368
5,100-NN,1.5431359540637486
5,100-NN,1.4706140153734837
5,100-NN,1.468229785244801
5,100-NN,1.2818117680868788
5,100-NN,1.7165428703148293
5,100-NN,1.5570416898865653
5,100-NN,1.7281601721966462
5,100-NN,1.3625442091711002
5,100-NN,1.5341689916675019
5,100-NN,1.3313121128644345
10,RandSplitForest,1.5717040449216464
10,RandSplitForest,2.1802287122428265
10,RandSplitForest,1.7680741593252798
10,RandSplitForest,1.769305250114883
10,RandSplitForest,1.6485949277684375
10,RandSplitForest,1.8211916662883836
10,RandSplitForest,1.997942350010736
10,RandSplitForest,2.0971772729512583
10,RandSplitForest,2.2883546001842876
10,RandSplitForest,1.6415699927975664
10,RandSplitForest,1.9791671737386725
10,RandSplitForest,2.0650114931337575
10,RandSplitForest,2.137012371028304
10,RandSplitForest,1.759207159340541
10,RandSplitForest,1.8123757896390669
10,RandSplitForest,1.9004398236102356
10,RandSplitForest,2.5731648251655015
10,RandSplitForest,1.942768557011205
10,RandSplitForest,1.6685853175386933
10,RandSplitForest,1.8290402198174947
10,RandSplitForest,1.828018886160603
10,RandSplitForest,1.8917488591391316
10,RandSplitForest,1.9233782161087702
10,RandSplitForest,1.8077847337919088
10,RandSplitForest,2.2951254270383883
10,RandSplitForest,2.1525405724448556
10,RandSplitForest,1.9291782540521953
10,RandSplitForest,1.727404035020741
10,RandSplitForest,1.6783105503572466
10,RandSplitForest,1.9845720425165096
10,RandSplitForest,1.9415430371644418
10,RandSplitForest,2.5317209747084
10,RandSplitForest,2.1165344295527038
10,RandSplitForest,2.0052946347915355
10,RandSplitForest,2.0676923262756444
10,RandSplitForest,2.0360074968815893
10,RandSplitForest,1.770874714556414
10,RandSplitForest,1.9125309786161928
10,RandSplitForest,2.164602448927254
10,RandSplitForest,1.7502032478796543
10,RandSplitForest,1.7230105208125863
10,RandSplitForest,1.7425765380477374
10,RandSplitForest,1.9824102788680336
10,RandSplitForest,2.442938273733853
10,RandSplitForest,1.7704340161561376
10,RandSplitForest,1.7924194720960671
10,RandSplitForest,1.7555471826431153
10,RandSplitForest,2.1099047546218372
10,RandSplitForest,1.672425069894439
10,RandSplitForest,1.9736756751146682
10,"StochOptForest
(apx-soln)",1.0670923935094
10,"StochOptForest
(apx-soln)",1.1320141669058916
10,"StochOptForest
(apx-soln)",1.1270981522199592
10,"StochOptForest
(apx-soln)",1.0593866575889876
10,"StochOptForest
(apx-soln)",1.1114160268013016
10,"StochOptForest
(apx-soln)",1.107690675350179
10,"StochOptForest
(apx-soln)",1.1083815791810612
10,"StochOptForest
(apx-soln)",1.3328228965747027
10,"StochOptForest
(apx-soln)",1.399010819122394
10,"StochOptForest
(apx-soln)",1.1091571558396072
10,"StochOptForest
(apx-soln)",1.3083152658076969
10,"StochOptForest
(apx-soln)",1.2592309179255292
10,"StochOptForest
(apx-soln)",1.2183865929246114
10,"StochOptForest
(apx-soln)",1.1825340402351077
10,"StochOptForest
(apx-soln)",1.1019814347257966
10,"StochOptForest
(apx-soln)",1.2839092052121108
10,"StochOptForest
(apx-soln)",1.518914753733714
10,"StochOptForest
(apx-soln)",1.25184340640063
10,"StochOptForest
(apx-soln)",1.1460179635946797
10,"StochOptForest
(apx-soln)",1.1674678300774157
10,"StochOptForest
(apx-soln)",1.0732671923420967
10,"StochOptForest
(apx-soln)",1.1506247970266505
10,"StochOptForest
(apx-soln)",1.2515309838020896
10,"StochOptForest
(apx-soln)",1.0836782589751404
10,"StochOptForest
(apx-soln)",1.3896007678521822
10,"StochOptForest
(apx-soln)",1.2742361369518413
10,"StochOptForest
(apx-soln)",1.1870036799526262
10,"StochOptForest
(apx-soln)",1.0907267406755423
10,"StochOptForest
(apx-soln)",1.094745758127455
10,"StochOptForest
(apx-soln)",1.3007704851825044
10,"StochOptForest
(apx-soln)",1.2078728330406445
10,"StochOptForest
(apx-soln)",1.7360265021550787
10,"StochOptForest
(apx-soln)",1.14967092444809
10,"StochOptForest
(apx-soln)",1.1068924800533
10,"StochOptForest
(apx-soln)",1.1120519382929994
10,"StochOptForest
(apx-soln)",1.1832931652649228
10,"StochOptForest
(apx-soln)",1.08945307413319
10,"StochOptForest
(apx-soln)",1.1328932903879445
10,"StochOptForest
(apx-soln)",1.3171684759666127
10,"StochOptForest
(apx-soln)",1.0931281758107458
10,"StochOptForest
(apx-soln)",1.097427943774927
10,"StochOptForest
(apx-soln)",1.2163204619040686
10,"StochOptForest
(apx-soln)",1.1840626698509378
10,"StochOptForest
(apx-soln)",1.2883106251444807
10,"StochOptForest
(apx-soln)",1.144498228963912
10,"StochOptForest
(apx-soln)",1.1238732689216429
10,"StochOptForest
(apx-soln)",1.0599552357623392
10,"StochOptForest
(apx-soln)",1.2298654306193224
10,"StochOptForest
(apx-soln)",1.0866445458509912
10,"StochOptForest
(apx-soln)",1.1655131496434088
10,"StochOptForest
(apx-risk)",1.1180693405510997
10,"StochOptForest
(apx-risk)",1.1372512134535646
10,"StochOptForest
(apx-risk)",1.1657642905408248
10,"StochOptForest
(apx-risk)",1.085569816458749
10,"StochOptForest
(apx-risk)",1.1292746693031874
10,"StochOptForest
(apx-risk)",1.1472066661393485
10,"StochOptForest
(apx-risk)",1.1135404789911505
10,"StochOptForest
(apx-risk)",1.3270116769823779
10,"StochOptForest
(apx-risk)",1.3679730251219808
10,"StochOptForest
(apx-risk)",1.1582261551165733
10,"StochOptForest
(apx-risk)",1.2969466796147593
10,"StochOptForest
(apx-risk)",1.2847427146608825
10,"StochOptForest
(apx-risk)",1.235251560236532
10,"StochOptForest
(apx-risk)",1.1777582271001954
10,"StochOptForest
(apx-risk)",1.0840821458517897
10,"StochOptForest
(apx-risk)",1.2568153597946168
10,"StochOptForest
(apx-risk)",1.5181477739852884
10,"StochOptForest
(apx-risk)",1.2718386062885194
10,"StochOptForest
(apx-risk)",1.097893985724166
10,"StochOptForest
(apx-risk)",1.1586878802211307
10,"StochOptForest
(apx-risk)",1.0821017517697893
10,"StochOptForest
(apx-risk)",1.1959691794742413
10,"StochOptForest
(apx-risk)",1.2799305775128982
10,"StochOptForest
(apx-risk)",1.087717928729395
10,"StochOptForest
(apx-risk)",1.2399202810245378
10,"StochOptForest
(apx-risk)",1.2856187902341674
10,"StochOptForest
(apx-risk)",1.2003424026707785
10,"StochOptForest
(apx-risk)",1.1177077276049792
10,"StochOptForest
(apx-risk)",1.1238727714438115
10,"StochOptForest
(apx-risk)",1.3069964215050331
10,"StochOptForest
(apx-risk)",1.2223716637871955
10,"StochOptForest
(apx-risk)",1.7598538992694097
10,"StochOptForest
(apx-risk)",1.2131484449064647
10,"StochOptForest
(apx-risk)",1.106331352174792
10,"StochOptForest
(apx-risk)",1.1371513752298847
10,"StochOptForest
(apx-risk)",1.1879380575517922
10,"StochOptForest
(apx-risk)",1.0991035650379317
10,"StochOptForest
(apx-risk)",1.1430583837315433
10,"StochOptForest
(apx-risk)",1.2952555060515976
10,"StochOptForest
(apx-risk)",1.0907153119831412
10,"StochOptForest
(apx-risk)",1.09083344760045
10,"StochOptForest
(apx-risk)",1.2133432336180532
10,"StochOptForest
(apx-risk)",1.2032487893854273
10,"StochOptForest
(apx-risk)",1.3003257353911595
10,"StochOptForest
(apx-risk)",1.1769044360327023
10,"StochOptForest
(apx-risk)",1.1080476376212862
10,"StochOptForest
(apx-risk)",1.0700170091854881
10,"StochOptForest
(apx-risk)",1.249884236608534
10,"StochOptForest
(apx-risk)",1.0772449120749878
10,"StochOptForest
(apx-risk)",1.1808666472682083
10,5-NN,2.046745495488293
10,5-NN,2.237743199371288
10,5-NN,2.1817561429638177
10,5-NN,2.138928998675389
10,5-NN,2.1873474359252114
10,5-NN,2.2325862634837854
10,5-NN,1.9651817177746753
10,5-NN,2.6324494124622735
10,5-NN,2.536074006137084
10,5-NN,2.4088437217379624
10,5-NN,2.462208512140982
10,5-NN,2.5268159101906202
10,5-NN,1.922516497745619
10,5-NN,2.1521626369813665
10,5-NN,2.236798000249458
10,5-NN,2.2907028218079613
10,5-NN,2.707732529635024
10,5-NN,2.296470734249211
10,5-NN,2.140034785726483
10,5-NN,2.110541215881519
10,5-NN,2.285103540009361
10,5-NN,2.141080571247196
10,5-NN,2.4090843466844847
10,5-NN,2.1503170062183417
10,5-NN,2.2818008565406522
10,5-NN,2.539736536322666
10,5-NN,2.0972777408947634
10,5-NN,2.121826939442142
10,5-NN,2.0301877982364585
10,5-NN,2.370036654195973
10,5-NN,2.4121681259876113
10,5-NN,2.703837472224537
10,5-NN,2.5930891252335297
10,5-NN,2.1179354397766925
10,5-NN,2.348767653158012
10,5-NN,2.001452054191715
10,5-NN,2.26064681501878
10,5-NN,2.069471641958747
10,5-NN,2.9237257018419256
10,5-NN,2.043063475897527
10,5-NN,2.270665949420982
10,5-NN,2.304447160103894
10,5-NN,2.2033616407816896
10,5-NN,2.7248281802314653
10,5-NN,2.701850620383343
10,5-NN,2.057629500638585
10,5-NN,2.226660831687264
10,5-NN,2.2322947562886473
10,5-NN,2.0421811925180884
10,5-NN,2.192267802108784
10,10-NN,1.6179123975627108
10,10-NN,1.9801455697916965
10,10-NN,1.755741946890493
10,10-NN,1.6867793624238854
10,10-NN,1.7827722095873515
10,10-NN,1.7647031503364465
10,10-NN,1.7531703118439732
10,10-NN,2.2182066726561325
10,10-NN,1.9020387431598995
10,10-NN,1.7591451765290598
10,10-NN,2.1518834291352804
10,10-NN,1.924173660302028
10,10-NN,1.7350096970261217
10,10-NN,1.9173840348928226
10,10-NN,1.8848632455809409
10,10-NN,1.7143832887441675
10,10-NN,2.3392929808413285
10,10-NN,1.8001736316158021
10,10-NN,1.6613071261571937
10,10-NN,1.741793829960468
10,10-NN,1.7638381518556117
10,10-NN,1.863387656637916
10,10-NN,1.9642612506630317
10,10-NN,1.6874301284582414
10,10-NN,1.99072324362709
10,10-NN,2.06676192023539
10,10-NN,1.7937288278818544
10,10-NN,1.6693570413430663
10,10-NN,1.747974050600011
10,10-NN,2.0722813051078077
10,10-NN,1.9379449302887406
10,10-NN,2.3447158809424686
10,10-NN,2.192522267640009
10,10-NN,1.812761923402047
10,10-NN,1.7994684998901402
10,10-NN,1.7200338640806379
10,10-NN,1.6255653162782846
10,10-NN,1.6486949128854602
10,10-NN,2.088557033604367
10,10-NN,1.6425160515145272
10,10-NN,1.6519715070129104
10,10-NN,1.8358182607670943
10,10-NN,1.8073585331007482
10,10-NN,2.202286007615734
10,10-NN,2.214526516285359
10,10-NN,1.5936593361130282
10,10-NN,1.6681915113109649
10,10-NN,1.8558975748972089
10,10-NN,1.7155809418343744
10,10-NN,1.6849038565442507
10,50-NN,1.5723064869606707
10,50-NN,1.5987736895424416
10,50-NN,1.482815539288564
10,50-NN,1.3526316792820658
10,50-NN,1.562375887789449
10,50-NN,1.5204737862054527
10,50-NN,1.5329778975466914
10,50-NN,1.9513858202276357
10,50-NN,1.8567222572724111
10,50-NN,1.4765010814044732
10,50-NN,1.824601712094023
10,50-NN,1.8502153269816164
10,50-NN,1.7163032027805742
10,50-NN,1.6269558019573254
10,50-NN,1.720619035758891
10,50-NN,1.567607408565913
10,50-NN,2.1569819028937935
10,50-NN,1.7064120448536502
10,50-NN,1.4487049521503395
10,50-NN,1.6141202889772848
10,50-NN,1.6565134486204842
10,50-NN,1.5913107950672312
10,50-NN,1.5877114031504995
10,50-NN,1.5792099961745167
10,50-NN,1.8388075322765634
10,50-NN,1.818242467706215
10,50-NN,1.6862961946140207
10,50-NN,1.4631344840216145
10,50-NN,1.4237829529493689
10,50-NN,1.7808895180535564
10,50-NN,1.6239421991808605
10,50-NN,2.2902632983816824
10,50-NN,1.9237824616728085
10,50-NN,1.6977481413601065
10,50-NN,1.7820320744652884
10,50-NN,1.6375436352441308
10,50-NN,1.4182357998506816
10,50-NN,1.5488874968212476
10,50-NN,2.009113410711818
10,50-NN,1.4781068088231621
10,50-NN,1.5765273863427853
10,50-NN,1.6077220329565753
10,50-NN,1.7258391847315675
10,50-NN,1.8791988681584335
10,50-NN,1.5584822671582332
10,50-NN,1.510365246628714
10,50-NN,1.3516672207387717
10,50-NN,1.622641871251568
10,50-NN,1.486583519638749
10,50-NN,1.5743896324747737
10,100-NN,1.5998398989893376
10,100-NN,1.748185781418186
10,100-NN,1.5306620702090972
10,100-NN,1.5129496073465853
10,100-NN,1.5757812209852673
10,100-NN,1.5290390162202607
10,100-NN,1.6224388585871061
10,100-NN,1.980398931966796
10,100-NN,1.983866716362839
10,100-NN,1.5520965513188236
10,100-NN,1.744493483761337
10,100-NN,1.8651031472285635
10,100-NN,1.7752189772582714
10,100-NN,1.6310515493006652
10,100-NN,1.6760569463019879
10,100-NN,1.6232004827632147
10,100-NN,2.3841894199069724
10,100-NN,1.7453529526971228
10,100-NN,1.476347332495454
10,100-NN,1.668009950647249
10,100-NN,1.7152273945598588
10,100-NN,1.6873629248697353
10,100-NN,1.7405643042162
10,100-NN,1.6379748560105736
10,100-NN,2.015279921259737
10,100-NN,1.9030227318248203
10,100-NN,1.7240331443193448
10,100-NN,1.4936734195902266
10,100-NN,1.4515573948541027
10,100-NN,1.84707317149424
10,100-NN,1.6682728275558851
10,100-NN,2.349989016769508
10,100-NN,1.899754860066204
10,100-NN,1.753994645130649
10,100-NN,1.8677359787532608
10,100-NN,1.7951804615319855
10,100-NN,1.5358586228166804
10,100-NN,1.706562707523329
10,100-NN,2.059640947608697
10,100-NN,1.5626865013673856
10,100-NN,1.5890804496970756
10,100-NN,1.6266023371430782
10,100-NN,1.7639091157552775
10,100-NN,1.985506115223482
10,100-NN,1.5505983920492665
10,100-NN,1.5752848765188583
10,100-NN,1.3942981443607312
10,100-NN,1.7388141249932056
10,100-NN,1.5198106179258277
10,100-NN,1.6509946254214787
20,RandSplitForest,2.0071371883354954
20,RandSplitForest,1.9800962243335067
20,RandSplitForest,1.994511205663905
20,RandSplitForest,2.282624495095441
20,RandSplitForest,2.1475885476858254
20,RandSplitForest,2.0966151877903316
20,RandSplitForest,1.9974206924170204
20,RandSplitForest,1.935475110705567
20,RandSplitForest,1.8554926340035423
20,RandSplitForest,1.9788313051588262
20,RandSplitForest,1.9384713278398291
20,RandSplitForest,1.9675522558971854
20,RandSplitForest,2.120786007762632
20,RandSplitForest,2.0631432832876406
20,RandSplitForest,2.3151404445592685
20,RandSplitForest,1.8233553946053611
20,RandSplitForest,1.9372000849291087
20,RandSplitForest,2.06583351086719
20,RandSplitForest,2.1589949190830886
20,RandSplitForest,2.581602521559695
20,RandSplitForest,2.32982638355835
20,RandSplitForest,2.0823133827566993
20,RandSplitForest,2.0346666447378343
20,RandSplitForest,2.2856347004543633
20,RandSplitForest,1.9430949804515194
20,RandSplitForest,2.146211688506702
20,RandSplitForest,2.1254152725583277
20,RandSplitForest,2.202009036734876
20,RandSplitForest,1.8879685270045115
20,RandSplitForest,2.0542688836799305
20,RandSplitForest,2.9780268699335246
20,RandSplitForest,2.2688673040898424
20,RandSplitForest,2.4141865659805224
20,RandSplitForest,2.219318149772954
20,RandSplitForest,2.2834519360162875
20,RandSplitForest,2.440461419542329
20,RandSplitForest,2.2367145286067394
20,RandSplitForest,2.2123598328802623
20,RandSplitForest,2.4618891479070353
20,RandSplitForest,1.8807728315661898
20,RandSplitForest,2.2796515280183227
20,RandSplitForest,2.296085466200032
20,RandSplitForest,1.821775847107715
20,RandSplitForest,2.1146455206692303
20,RandSplitForest,1.935657681392081
20,RandSplitForest,2.307505915934171
20,RandSplitForest,1.850275431384961
20,RandSplitForest,1.8282583902956417
20,RandSplitForest,2.0376090079895874
20,RandSplitForest,2.2786702652685684
20,"StochOptForest
(apx-soln)",1.1114901663028585
20,"StochOptForest
(apx-soln)",1.0727531755092958
20,"StochOptForest
(apx-soln)",1.1193102369097825
20,"StochOptForest
(apx-soln)",1.242074722969313
20,"StochOptForest
(apx-soln)",1.1244400431742005
20,"StochOptForest
(apx-soln)",1.1361162925646693
20,"StochOptForest
(apx-soln)",1.1039625834028344
20,"StochOptForest
(apx-soln)",1.1618452519824853
20,"StochOptForest
(apx-soln)",1.087260624620028
20,"StochOptForest
(apx-soln)",1.0989082818468814
20,"StochOptForest
(apx-soln)",1.0869235586445891
20,"StochOptForest
(apx-soln)",1.0617682737431122
20,"StochOptForest
(apx-soln)",1.083229169136856
20,"StochOptForest
(apx-soln)",1.1013895045939746
20,"StochOptForest
(apx-soln)",1.266569675147628
20,"StochOptForest
(apx-soln)",1.0670592985231055
20,"StochOptForest
(apx-soln)",1.0638951598116415
20,"StochOptForest
(apx-soln)",1.1041414455738405
20,"StochOptForest
(apx-soln)",1.116339180139204
20,"StochOptForest
(apx-soln)",1.4075269276053015
20,"StochOptForest
(apx-soln)",1.3323874494693069
20,"StochOptForest
(apx-soln)",1.0940069893384243
20,"StochOptForest
(apx-soln)",1.112385715990083
20,"StochOptForest
(apx-soln)",1.3003290579681275
20,"StochOptForest
(apx-soln)",1.0696686364464465
20,"StochOptForest
(apx-soln)",1.0918695861707999
20,"StochOptForest
(apx-soln)",1.0881546468712742
20,"StochOptForest
(apx-soln)",1.0799662761596778
20,"StochOptForest
(apx-soln)",1.0617334063858992
20,"StochOptForest
(apx-soln)",1.1367932128885185
20,"StochOptForest
(apx-soln)",1.5264778812459938
20,"StochOptForest
(apx-soln)",1.1288286060306254
20,"StochOptForest
(apx-soln)",1.5000066440453463
20,"StochOptForest
(apx-soln)",1.1743348943716936
20,"StochOptForest
(apx-soln)",1.4523184730969776
20,"StochOptForest
(apx-soln)",1.2603882406891023
20,"StochOptForest
(apx-soln)",1.1717415606309292
20,"StochOptForest
(apx-soln)",1.1268793421186756
20,"StochOptForest
(apx-soln)",1.1230883564617578
20,"StochOptForest
(apx-soln)",1.0997447735997283
20,"StochOptForest
(apx-soln)",1.313612955642587
20,"StochOptForest
(apx-soln)",1.3102551814143617
20,"StochOptForest
(apx-soln)",1.1187200753762965
20,"StochOptForest
(apx-soln)",1.0608622781914807
20,"StochOptForest
(apx-soln)",1.0944005053255481
20,"StochOptForest
(apx-soln)",1.1111962108153204
20,"StochOptForest
(apx-soln)",1.1193628837484604
20,"StochOptForest
(apx-soln)",1.085696809688446
20,"StochOptForest
(apx-soln)",1.1123582303803865
20,"StochOptForest
(apx-soln)",1.1142069127823102
20,"StochOptForest
(apx-risk)",1.10293055611989
20,"StochOptForest
(apx-risk)",1.115331429354568
20,"StochOptForest
(apx-risk)",1.122086358317324
20,"StochOptForest
(apx-risk)",1.2748701564832732
20,"StochOptForest
(apx-risk)",1.1873751565957729
20,"StochOptForest
(apx-risk)",1.1487956720573231
20,"StochOptForest
(apx-risk)",1.1280196332637407
20,"StochOptForest
(apx-risk)",1.1452217663949908
20,"StochOptForest
(apx-risk)",1.0909533729052951
20,"StochOptForest
(apx-risk)",1.1207238161494306
20,"StochOptForest
(apx-risk)",1.066437333577089
20,"StochOptForest
(apx-risk)",1.0822402588615698
20,"StochOptForest
(apx-risk)",1.0963718618140295
20,"StochOptForest
(apx-risk)",1.1137781962595366
20,"StochOptForest
(apx-risk)",1.3009508384520092
20,"StochOptForest
(apx-risk)",1.0711589747976389
20,"StochOptForest
(apx-risk)",1.0844847620671787
20,"StochOptForest
(apx-risk)",1.1059126960530328
20,"StochOptForest
(apx-risk)",1.128212166480809
20,"StochOptForest
(apx-risk)",1.4019958571817392
20,"StochOptForest
(apx-risk)",1.3056095370768201
20,"StochOptForest
(apx-risk)",1.0943623917575327
20,"StochOptForest
(apx-risk)",1.105310114758593
20,"StochOptForest
(apx-risk)",1.3050350311869319
20,"StochOptForest
(apx-risk)",1.0942560918087978
20,"StochOptForest
(apx-risk)",1.0925666719834775
20,"StochOptForest
(apx-risk)",1.0784463909092432
20,"StochOptForest
(apx-risk)",1.0902532672430572
20,"StochOptForest
(apx-risk)",1.0872229887481555
20,"StochOptForest
(apx-risk)",1.1500885033361274
20,"StochOptForest
(apx-risk)",1.5901941426341433
20,"StochOptForest
(apx-risk)",1.1282235965907397
20,"StochOptForest
(apx-risk)",1.4995895079557786
20,"StochOptForest
(apx-risk)",1.1856447080320505
20,"StochOptForest
(apx-risk)",1.4506824698153509
20,"StochOptForest
(apx-risk)",1.2521189790094696
20,"StochOptForest
(apx-risk)",1.2156050218864574
20,"StochOptForest
(apx-risk)",1.1395399919121774
20,"StochOptForest
(apx-risk)",1.1650965365531185
20,"StochOptForest
(apx-risk)",1.096304934012055
20,"StochOptForest
(apx-risk)",1.3791840892542806
20,"StochOptForest
(apx-risk)",1.2721946405630227
20,"StochOptForest
(apx-risk)",1.1035110612832624
20,"StochOptForest
(apx-risk)",1.0725232671077136
20,"StochOptForest
(apx-risk)",1.1092632047921474
20,"StochOptForest
(apx-risk)",1.1380925502199077
20,"StochOptForest
(apx-risk)",1.0927487296406808
20,"StochOptForest
(apx-risk)",1.089248312032456
20,"StochOptForest
(apx-risk)",1.1115984363656666
20,"StochOptForest
(apx-risk)",1.1257986645938467
20,5-NN,2.508972155686719
20,5-NN,2.4067056210310254
20,5-NN,2.678147987590047
20,5-NN,2.7193486504561895
20,5-NN,2.3460666941800006
20,5-NN,2.415605119259107
20,5-NN,2.5056877223488954
20,5-NN,2.388552831558724
20,5-NN,2.364350666040814
20,5-NN,2.3857687476718175
20,5-NN,2.6185908504609627
20,5-NN,2.0362778723893173
20,5-NN,2.561594700393335
20,5-NN,2.3832080514928022
20,5-NN,2.71722262297371
20,5-NN,2.160580170556041
20,5-NN,2.308739535088193
20,5-NN,2.1253339057727594
20,5-NN,2.0968136228589076
20,5-NN,2.8588104894744784
20,5-NN,2.7663107942542657
20,5-NN,2.5176524140946666
20,5-NN,2.4164582875490397
20,5-NN,2.680142778979746
20,5-NN,2.2575862906915263
20,5-NN,2.429693873062502
20,5-NN,2.0834462004800582
20,5-NN,2.332517717797466
20,5-NN,2.2524884029922685
20,5-NN,2.411316718108032
20,5-NN,3.237003938519549
20,5-NN,2.3805872611644623
20,5-NN,2.7868634573190496
20,5-NN,2.7891247576668863
20,5-NN,2.725584956291704
20,5-NN,3.28440766000732
20,5-NN,2.1527907621506324
20,5-NN,2.61533317121009
20,5-NN,2.9085474897675314
20,5-NN,2.1765389846820344
20,5-NN,2.6513406298256355
20,5-NN,2.6360941883828675
20,5-NN,2.4037777604889468
20,5-NN,2.271223121032179
20,5-NN,2.2309625323763247
20,5-NN,3.078440921234526
20,5-NN,2.630900289616664
20,5-NN,2.6711033616600233
20,5-NN,1.9950437609850276
20,5-NN,2.479165335682174
20,10-NN,2.0697453770167096
20,10-NN,1.9059664760782022
20,10-NN,1.9681150507298786
20,10-NN,2.096069165167179
20,10-NN,2.0406446669639124
20,10-NN,1.9840879037101884
20,10-NN,1.9703802966318817
20,10-NN,1.8214763863872523
20,10-NN,1.8594259754806843
20,10-NN,2.021203114979713
20,10-NN,1.9622528277933715
20,10-NN,1.6564745904837757
20,10-NN,2.0541953397154873
20,10-NN,1.966781063018366
20,10-NN,2.2388228420396494
20,10-NN,1.80509039568409
20,10-NN,1.8710528332592955
20,10-NN,1.883937828270907
20,10-NN,1.9114318014254876
20,10-NN,2.4201250651277837
20,10-NN,2.477701804844291
20,10-NN,1.9154741853620163
20,10-NN,1.8196385371293329
20,10-NN,2.282431621169834
20,10-NN,1.742044122706588
20,10-NN,1.787690668128106
20,10-NN,1.9015705162858736
20,10-NN,2.0544482581552255
20,10-NN,1.8757715907802233
20,10-NN,2.0078919084449365
20,10-NN,2.8254359685176396
20,10-NN,2.107320648782186
20,10-NN,2.197506876539471
20,10-NN,2.19717471861701
20,10-NN,2.433825783706488
20,10-NN,2.6108252730064017
20,10-NN,1.9425139545975587
20,10-NN,2.286730295224297
20,10-NN,2.344258741377333
20,10-NN,1.8221244886237442
20,10-NN,2.2452635986103644
20,10-NN,2.1209720153526
20,10-NN,1.9032482714620702
20,10-NN,1.831945796338977
20,10-NN,1.8281383806065186
20,10-NN,2.303652408548313
20,10-NN,2.0772797917899535
20,10-NN,1.9789981132741612
20,10-NN,1.8949709159496446
20,10-NN,2.177900320773981
20,50-NN,1.7794225420343666
20,50-NN,1.6591269732821385
20,50-NN,1.8604211646988407
20,50-NN,1.9400896524522382
20,50-NN,1.7881005404121713
20,50-NN,1.9153720577971816
20,50-NN,1.7731555947697637
20,50-NN,1.6733637050759347
20,50-NN,1.579799803665613
20,50-NN,1.7250782277919865
20,50-NN,1.6100298061196636
20,50-NN,1.683661113267123
20,50-NN,1.7777470185533326
20,50-NN,1.7535303983329718
20,50-NN,2.1153192527105813
20,50-NN,1.6878067934468926
20,50-NN,1.592192626410691
20,50-NN,1.5462608994478164
20,50-NN,1.76747106741672
20,50-NN,2.0675163684993256
20,50-NN,2.146954236793025
20,50-NN,1.7412422165290982
20,50-NN,1.7694379917113556
20,50-NN,2.0824672043926307
20,50-NN,1.5260282785722703
20,50-NN,1.5615343640955757
20,50-NN,1.7068215133815499
20,50-NN,1.8131311488372939
20,50-NN,1.739803900909031
20,50-NN,1.7751597097292617
20,50-NN,2.3772966326682554
20,50-NN,1.951806198553284
20,50-NN,2.1148597516829786
20,50-NN,2.0773647790470684
20,50-NN,1.960846231422875
20,50-NN,2.2886676070637657
20,50-NN,1.7528069946366358
20,50-NN,1.8190264983627307
20,50-NN,2.1108711217482807
20,50-NN,1.7319743376089014
20,50-NN,2.0714400249406157
20,50-NN,1.9541051504908782
20,50-NN,1.5721365277199566
20,50-NN,1.7974315550455116
20,50-NN,1.6305155275133514
20,50-NN,1.9577749864190506
20,50-NN,1.6280215811994512
20,50-NN,1.6978964522453306
20,50-NN,1.791657045677154
20,50-NN,1.8952893480717825
20,100-NN,1.7713770525407626
20,100-NN,1.6103405216186522
20,100-NN,1.7707594515655931
20,100-NN,2.013344065624852
20,100-NN,1.8248784288650115
20,100-NN,1.9098461290465647
20,100-NN,1.8417318598879537
20,100-NN,1.7050293035738324
20,100-NN,1.5951533772977178
20,100-NN,1.729681110050834
20,100-NN,1.594120198028893
20,100-NN,1.7382634341528493
20,100-NN,1.7849160864259508
20,100-NN,1.7761464383740504
20,100-NN,2.1381980651750983
20,100-NN,1.686307032261945
20,100-NN,1.595645945700303
20,100-NN,1.6296189561773684
20,100-NN,1.8309701034835575
20,100-NN,2.0684230108880355
20,100-NN,2.0990602104426213
20,100-NN,1.8263047375709704
20,100-NN,1.8506451420846808
20,100-NN,2.1348943119634556
20,100-NN,1.605119950975734
20,100-NN,1.578650311455812
20,100-NN,1.8119427145788787
20,100-NN,1.9255943251287144
20,100-NN,1.773665905017546
20,100-NN,1.7646689694214226
20,100-NN,2.451013880137572
20,100-NN,1.9439673153642318
20,100-NN,2.14815146181462
20,100-NN,2.0530746851623096
20,100-NN,2.006206207069393
20,100-NN,2.240131976084095
20,100-NN,1.8340164291653036
20,100-NN,1.8753289818995131
20,100-NN,2.2023628439081624
20,100-NN,1.6278724722192872
20,100-NN,2.061152306229202
20,100-NN,1.9458606960606701
20,100-NN,1.5810001911182652
20,100-NN,1.8185748908209038
20,100-NN,1.6908790913676268
20,100-NN,1.9944223755290869
20,100-NN,1.682105586940645
20,100-NN,1.7578061589437919
20,100-NN,1.7821581987648434
20,100-NN,1.8777979002437069
40,RandSplitForest,2.110493690180864
40,RandSplitForest,1.9356552816504866
40,RandSplitForest,2.292391951595978
40,RandSplitForest,2.195185656998313
40,RandSplitForest,2.4221837084166067
40,RandSplitForest,2.2011054629378806
40,RandSplitForest,2.139627246748108
40,RandSplitForest,2.3891623653224006
40,RandSplitForest,2.314309974154893
40,RandSplitForest,2.2084235031384885
40,RandSplitForest,1.8760243467180995
40,RandSplitForest,1.9370876641317807
40,RandSplitForest,2.152728373445728
40,RandSplitForest,1.9063328363711187
40,RandSplitForest,2.1541048567867795
40,RandSplitForest,2.2089975523389604
40,RandSplitForest,2.5182516613181916
40,RandSplitForest,2.365644005087951
40,RandSplitForest,2.978988404980345
40,RandSplitForest,3.2560550601873772
40,RandSplitForest,2.1943706937166434
40,RandSplitForest,2.0210205379467836
40,RandSplitForest,2.057153151768248
40,RandSplitForest,2.315390338932717
40,RandSplitForest,2.6450103820739352
40,RandSplitForest,2.044248043704614
40,RandSplitForest,2.4687987926985184
40,RandSplitForest,2.674228244532768
40,RandSplitForest,2.1687574704775674
40,RandSplitForest,2.352850572011208
40,RandSplitForest,2.4338373971903304
40,RandSplitForest,2.2599004673862413
40,RandSplitForest,2.4444339256612433
40,RandSplitForest,2.049664807851529
40,RandSplitForest,2.2946961224903992
40,RandSplitForest,2.584191991950863
40,RandSplitForest,2.643498652898725
40,RandSplitForest,2.2940043867782776
40,RandSplitForest,2.0753475432070414
40,RandSplitForest,1.8475901751096573
40,RandSplitForest,2.123270631313125
40,RandSplitForest,1.8932852495122652
40,RandSplitForest,2.255150804804146
40,RandSplitForest,2.4898518341039035
40,RandSplitForest,2.147225481379139
40,RandSplitForest,2.2000502394190997
40,RandSplitForest,2.3055655146447953
40,RandSplitForest,2.2474447131457382
40,RandSplitForest,2.150268401830199
40,RandSplitForest,1.9501462460299843
40,"StochOptForest
(apx-soln)",1.0892753491870453
40,"StochOptForest
(apx-soln)",1.1007572446059273
40,"StochOptForest
(apx-soln)",1.1013352611819522
40,"StochOptForest
(apx-soln)",1.0492495960492225
40,"StochOptForest
(apx-soln)",1.1596325685321012
40,"StochOptForest
(apx-soln)",1.305114325628427
40,"StochOptForest
(apx-soln)",1.0871754545156087
40,"StochOptForest
(apx-soln)",1.2145865521145236
40,"StochOptForest
(apx-soln)",1.071278600527613
40,"StochOptForest
(apx-soln)",1.1846931360120534
40,"StochOptForest
(apx-soln)",1.0801200234708774
40,"StochOptForest
(apx-soln)",1.1226461928589067
40,"StochOptForest
(apx-soln)",1.1135627248753348
40,"StochOptForest
(apx-soln)",1.174898722799081
40,"StochOptForest
(apx-soln)",1.086844318609427
40,"StochOptForest
(apx-soln)",1.1077263300875961
40,"StochOptForest
(apx-soln)",1.2211274602580946
40,"StochOptForest
(apx-soln)",1.1739806589011779
40,"StochOptForest
(apx-soln)",1.6249759635064922
40,"StochOptForest
(apx-soln)",1.7578596213981008
40,"StochOptForest
(apx-soln)",1.2185216133304644
40,"StochOptForest
(apx-soln)",1.09725632820617
40,"StochOptForest
(apx-soln)",1.1251985293089855
40,"StochOptForest
(apx-soln)",1.1720415260004828
40,"StochOptForest
(apx-soln)",1.4781781947088484
40,"StochOptForest
(apx-soln)",1.1678037675588433
40,"StochOptForest
(apx-soln)",1.514331862780308
40,"StochOptForest
(apx-soln)",1.306150395193639
40,"StochOptForest
(apx-soln)",1.0705020437775508
40,"StochOptForest
(apx-soln)",1.2928709923564596
40,"StochOptForest
(apx-soln)",1.182620000551172
40,"StochOptForest
(apx-soln)",1.168201761930821
40,"StochOptForest
(apx-soln)",1.0453021208014213
40,"StochOptForest
(apx-soln)",1.2076297400360463
40,"StochOptForest
(apx-soln)",1.1923942417123479
40,"StochOptForest
(apx-soln)",1.274584338526822
40,"StochOptForest
(apx-soln)",1.5694619997218366
40,"StochOptForest
(apx-soln)",1.1124048726257862
40,"StochOptForest
(apx-soln)",1.1104534800404822
40,"StochOptForest
(apx-soln)",1.0539289827647011
40,"StochOptForest
(apx-soln)",1.2819599660050165
40,"StochOptForest
(apx-soln)",1.0761012020761864
40,"StochOptForest
(apx-soln)",1.0703105135847468
40,"StochOptForest
(apx-soln)",1.3572532906218375
40,"StochOptForest
(apx-soln)",1.1029344783045825
40,"StochOptForest
(apx-soln)",1.1148271693303975
40,"StochOptForest
(apx-soln)",1.08259854870801
40,"StochOptForest
(apx-soln)",1.0898170001853877
40,"StochOptForest
(apx-soln)",1.2435408339786136
40,"StochOptForest
(apx-soln)",1.1047098813149114
40,"StochOptForest
(apx-risk)",1.1011588831910162
40,"StochOptForest
(apx-risk)",1.1101780683776326
40,"StochOptForest
(apx-risk)",1.0876853620672289
40,"StochOptForest
(apx-risk)",1.090790297714567
40,"StochOptForest
(apx-risk)",1.198843284524559
40,"StochOptForest
(apx-risk)",1.3073288463658244
40,"StochOptForest
(apx-risk)",1.1361201925290112
40,"StochOptForest
(apx-risk)",1.253503333814464
40,"StochOptForest
(apx-risk)",1.1071408020363416
40,"StochOptForest
(apx-risk)",1.1877056980494236
40,"StochOptForest
(apx-risk)",1.0965432293770614
40,"StochOptForest
(apx-risk)",1.1379999914378764
40,"StochOptForest
(apx-risk)",1.1469704822148719
40,"StochOptForest
(apx-risk)",1.2212427787108657
40,"StochOptForest
(apx-risk)",1.1127780734636137
40,"StochOptForest
(apx-risk)",1.1756438436899657
40,"StochOptForest
(apx-risk)",1.2550222956239643
40,"StochOptForest
(apx-risk)",1.2869850627855546
40,"StochOptForest
(apx-risk)",1.635100348873112
40,"StochOptForest
(apx-risk)",1.7779291888753408
40,"StochOptForest
(apx-risk)",1.2253220773453641
40,"StochOptForest
(apx-risk)",1.130026097062528
40,"StochOptForest
(apx-risk)",1.1137917520369294
40,"StochOptForest
(apx-risk)",1.242520077277019
40,"StochOptForest
(apx-risk)",1.484590339805154
40,"StochOptForest
(apx-risk)",1.192737448294114
40,"StochOptForest
(apx-risk)",1.530841647732728
40,"StochOptForest
(apx-risk)",1.3479869099600896
40,"StochOptForest
(apx-risk)",1.1034794766851903
40,"StochOptForest
(apx-risk)",1.3088700323260523
40,"StochOptForest
(apx-risk)",1.1746146904112924
40,"StochOptForest
(apx-risk)",1.2036637211429877
40,"StochOptForest
(apx-risk)",1.0845028632124576
40,"StochOptForest
(apx-risk)",1.230197151472962
40,"StochOptForest
(apx-risk)",1.2097729298715851
40,"StochOptForest
(apx-risk)",1.2874345287646676
40,"StochOptForest
(apx-risk)",1.5693878550439133
40,"StochOptForest
(apx-risk)",1.113939913108557
40,"StochOptForest
(apx-risk)",1.094996531514318
40,"StochOptForest
(apx-risk)",1.094942731915346
40,"StochOptForest
(apx-risk)",1.2833664134390799
40,"StochOptForest
(apx-risk)",1.1182339164553294
40,"StochOptForest
(apx-risk)",1.087036404674713
40,"StochOptForest
(apx-risk)",1.4130050998215975
40,"StochOptForest
(apx-risk)",1.1267215199651697
40,"StochOptForest
(apx-risk)",1.1231164579144872
40,"StochOptForest
(apx-risk)",1.1419953474371052
40,"StochOptForest
(apx-risk)",1.0830481605482454
40,"StochOptForest
(apx-risk)",1.291595446504165
40,"StochOptForest
(apx-risk)",1.1165749422849105
40,5-NN,2.5118135444494647
40,5-NN,2.289559992904221
40,5-NN,2.9863580542810846
40,5-NN,2.650984985241147
40,5-NN,2.7335795454651843
40,5-NN,2.7188086381283205
40,5-NN,2.7396864308429163
40,5-NN,2.738546603047312
40,5-NN,2.3968572335960614
40,5-NN,2.5458641495802965
40,5-NN,2.145250877375044
40,5-NN,2.7006001821423906
40,5-NN,2.7598873516665474
40,5-NN,2.4937895097591642
40,5-NN,2.6870493948119
40,5-NN,2.566851526334145
40,5-NN,3.1720123642370495
40,5-NN,2.7286316933885226
40,5-NN,3.1352375749416805
40,5-NN,3.835606575266851
40,5-NN,2.730291397481211
40,5-NN,2.3682164713373592
40,5-NN,2.9141402692480733
40,5-NN,2.627066549260322
40,5-NN,2.9334878468552668
40,5-NN,2.493299065614796
40,5-NN,2.721355275806681
40,5-NN,3.4060317848575887
40,5-NN,2.8118404331453526
40,5-NN,3.1002129044402347
40,5-NN,2.7987926339738958
40,5-NN,2.816297540837334
40,5-NN,3.0193403942198547
40,5-NN,2.822387323432173
40,5-NN,2.602338449250344
40,5-NN,2.759754692050164
40,5-NN,3.0210198358500957
40,5-NN,3.0059978848186315
40,5-NN,2.503867118205799
40,5-NN,2.195359640330764
40,5-NN,2.5837553210745283
40,5-NN,2.064055510337452
40,5-NN,2.784582552538544
40,5-NN,2.9141469923013466
40,5-NN,2.958610553334834
40,5-NN,2.8016737511467227
40,5-NN,2.4959800353353185
40,5-NN,2.5965899213931074
40,5-NN,2.3476600300781585
40,5-NN,2.7472163431570955
40,10-NN,2.252282579712284
40,10-NN,1.911027649504129
40,10-NN,2.3245256491116355
40,10-NN,2.362465127638656
40,10-NN,2.3230546807363646
40,10-NN,2.4141695997666153
40,10-NN,2.3373400394170454
40,10-NN,2.336278998891576
40,10-NN,1.997656365589236
40,10-NN,2.2173138455880372
40,10-NN,2.048065985483456
40,10-NN,2.1658848929057837
40,10-NN,2.3004487528563367
40,10-NN,1.9775155683341135
40,10-NN,2.1411455181246377
40,10-NN,2.236638615928268
40,10-NN,2.725099749393397
40,10-NN,2.3306565876905467
40,10-NN,2.646312089139168
40,10-NN,3.438117876991283
40,10-NN,2.317931922202289
40,10-NN,1.9930605668298276
40,10-NN,2.252031716091921
40,10-NN,2.2966057590620634
40,10-NN,2.4383963431320064
40,10-NN,2.253059350926832
40,10-NN,2.304463531069242
40,10-NN,2.866682018707805
40,10-NN,2.253157336203887
40,10-NN,2.498188976993799
40,10-NN,2.3723737996865304
40,10-NN,2.2467667697644162
40,10-NN,2.537114133043648
40,10-NN,2.3345022845078645
40,10-NN,2.1954917561840315
40,10-NN,2.502602654727421
40,10-NN,2.6411204979829495
40,10-NN,2.6020588302469663
40,10-NN,2.0540867263634466
40,10-NN,1.9831468604617744
40,10-NN,2.2630269924222848
40,10-NN,1.7089533054889652
40,10-NN,2.254255234731551
40,10-NN,2.4302767780278596
40,10-NN,2.712399379140056
40,10-NN,2.4358499728659067
40,10-NN,2.1279328298835036
40,10-NN,2.174133784730807
40,10-NN,2.1282086339545825
40,10-NN,2.37928049989457
40,50-NN,2.026937939240155
40,50-NN,1.6199604813787332
40,50-NN,1.799600032189791
40,50-NN,1.8132110406200095
40,50-NN,2.1282611840683856
40,50-NN,2.0443272592289503
40,50-NN,1.9545776907718835
40,50-NN,2.0888331768916224
40,50-NN,1.877658400610317
40,50-NN,1.8941135545380114
40,50-NN,1.6518287470449882
40,50-NN,1.787411463398193
40,50-NN,1.8950463738522478
40,50-NN,1.767134451162781
40,50-NN,1.9129325906294121
40,50-NN,1.896108052963258
40,50-NN,2.381292287643432
40,50-NN,1.9298892546099087
40,50-NN,2.4745830139057947
40,50-NN,2.961948616999645
40,50-NN,1.9262958943468318
40,50-NN,1.9053290049605465
40,50-NN,1.8382705611081809
40,50-NN,2.094419737419106
40,50-NN,2.246020640205801
40,50-NN,1.747937694312426
40,50-NN,2.295304288275154
40,50-NN,2.4047959732952315
40,50-NN,1.9818654403774663
40,50-NN,2.1989453329035826
40,50-NN,2.131593163883959
40,50-NN,1.9654026783532221
40,50-NN,2.2155936629641704
40,50-NN,1.836843450939189
40,50-NN,2.141896863239652
40,50-NN,2.143064873454873
40,50-NN,2.3139355393778867
40,50-NN,2.08149882539017
40,50-NN,1.8229637740545344
40,50-NN,1.6940685569297285
40,50-NN,1.96774774146379
40,50-NN,1.6477082456213095
40,50-NN,1.87810719287836
40,50-NN,2.141837646512633
40,50-NN,1.8271860271715923
40,50-NN,2.0897558810128114
40,50-NN,1.91549517912541
40,50-NN,2.0082414371634396
40,50-NN,1.8689118450197066
40,50-NN,1.817861185451082
40,100-NN,1.965072025351539
40,100-NN,1.6583091251668238
40,100-NN,1.759940032708791
40,100-NN,1.8852295135608512
40,100-NN,2.124305441770947
40,100-NN,2.028813444802135
40,100-NN,1.9374593530727449
40,100-NN,2.148778310112611
40,100-NN,1.9326125413923712
40,100-NN,1.9463339298515676
40,100-NN,1.7666370368685935
40,100-NN,1.8072442657062244
40,100-NN,1.884337735102614
40,100-NN,1.7532596760063741
40,100-NN,1.9249798441426955
40,100-NN,1.932236224458066
40,100-NN,2.378707522158706
40,100-NN,1.9033588942686765
40,100-NN,2.629492794814604
40,100-NN,2.937422892733005
40,100-NN,1.9085883936613157
40,100-NN,1.870057620843019
40,100-NN,1.8021200424743269
40,100-NN,2.0150264557198687
40,100-NN,2.345750303703983
40,100-NN,1.7344048879295322
40,100-NN,2.315562079942198
40,100-NN,2.5257273278557166
40,100-NN,1.9742458029691075
40,100-NN,2.1742988730773405
40,100-NN,2.0718731201566456
40,100-NN,1.9531226783107916
40,100-NN,2.184513260623801
40,100-NN,1.8721886445196023
40,100-NN,2.0589432888594112
40,100-NN,2.1663805828481966
40,100-NN,2.326269181683856
40,100-NN,1.9450218183457197
40,100-NN,1.8977177127795384
40,100-NN,1.721057850507701
40,100-NN,1.9136804493213733
40,100-NN,1.7157210597061077
40,100-NN,1.974620888429526
40,100-NN,2.2681756841837135
40,100-NN,1.7801444373569293
40,100-NN,2.0844140254704224
40,100-NN,1.981737240841487
40,100-NN,1.9825115097487973
40,100-NN,1.8870752380155187
40,100-NN,1.7250599939915754
80,RandSplitForest,2.398661160691648
80,RandSplitForest,2.557138729564706
80,RandSplitForest,2.183946568165249
80,RandSplitForest,2.44842281754255
80,RandSplitForest,2.288348570293551
80,RandSplitForest,2.554100394976019
80,RandSplitForest,2.9908559201074834
80,RandSplitForest,2.937667390870068
80,RandSplitForest,2.2206800415605965
80,RandSplitForest,2.1077730943323862
80,RandSplitForest,2.4981731278565897
80,RandSplitForest,3.282892965172153
80,RandSplitForest,2.3411065588393716
80,RandSplitForest,2.145324804999862
80,RandSplitForest,2.034489212696842
80,RandSplitForest,2.8095437872278364
80,RandSplitForest,2.522226814460682
80,RandSplitForest,2.352321819698782
80,RandSplitForest,2.1932999672620603
80,RandSplitForest,2.401990043453325
80,RandSplitForest,2.613443743120914
80,RandSplitForest,2.4937445088315493
80,RandSplitForest,2.568167963396403
80,RandSplitForest,2.385099473245586
80,RandSplitForest,2.1101715655855138
80,RandSplitForest,2.233330217285061
80,RandSplitForest,2.5889969798717987
80,RandSplitForest,2.4383563502460097
80,RandSplitForest,2.476157853000477
80,RandSplitForest,2.346509170363002
80,RandSplitForest,2.175801474617654
80,RandSplitForest,2.392106954462103
80,RandSplitForest,2.408316923009265
80,RandSplitForest,3.1179821383701265
80,RandSplitForest,2.228305825280267
80,RandSplitForest,2.7828566165015824
80,RandSplitForest,2.3314546490463313
80,RandSplitForest,2.0857097105614
80,RandSplitForest,2.204650516552863
80,RandSplitForest,2.3518943088729163
80,RandSplitForest,2.1811252132652577
80,RandSplitForest,2.350154280173417
80,RandSplitForest,2.61653625087975
80,RandSplitForest,2.065593204819481
80,RandSplitForest,2.593341670005768
80,RandSplitForest,2.7805683299556265
80,RandSplitForest,2.3999241124494226
80,RandSplitForest,2.7299815358395327
80,RandSplitForest,2.5554933018129335
80,RandSplitForest,2.0586422138609746
80,"StochOptForest
(apx-soln)",1.2879907772457808
80,"StochOptForest
(apx-soln)",1.2276179736366777
80,"StochOptForest
(apx-soln)",1.0834410807317723
80,"StochOptForest
(apx-soln)",1.2390056112113936
80,"StochOptForest
(apx-soln)",1.0916643705162103
80,"StochOptForest
(apx-soln)",1.0989735413700408
80,"StochOptForest
(apx-soln)",1.5554992339672187
80,"StochOptForest
(apx-soln)",1.7421472045962945
80,"StochOptForest
(apx-soln)",1.0836498604458549
80,"StochOptForest
(apx-soln)",1.0520048674095714
80,"StochOptForest
(apx-soln)",1.367578526803614
80,"StochOptForest
(apx-soln)",1.9200210636502053
80,"StochOptForest
(apx-soln)",1.105431190376167
80,"StochOptForest
(apx-soln)",1.0511120867579617
80,"StochOptForest
(apx-soln)",1.074588184585157
80,"StochOptForest
(apx-soln)",1.3441506134436259
80,"StochOptForest
(apx-soln)",1.2634066586896255
80,"StochOptForest
(apx-soln)",1.0931882883498782
80,"StochOptForest
(apx-soln)",1.1040702620177127
80,"StochOptForest
(apx-soln)",1.182398533051225
80,"StochOptForest
(apx-soln)",1.1516602319696596
80,"StochOptForest
(apx-soln)",1.1494386639609828
80,"StochOptForest
(apx-soln)",1.5420141319774026
80,"StochOptForest
(apx-soln)",1.1402128007102625
80,"StochOptForest
(apx-soln)",1.0813829862316104
80,"StochOptForest
(apx-soln)",1.119988301330798
80,"StochOptForest
(apx-soln)",1.3294079344754077
80,"StochOptForest
(apx-soln)",1.314402917094065
80,"StochOptForest
(apx-soln)",1.1434618893775874
80,"StochOptForest
(apx-soln)",1.281697514652868
80,"StochOptForest
(apx-soln)",1.1178321593545193
80,"StochOptForest
(apx-soln)",1.1229489043917804
80,"StochOptForest
(apx-soln)",1.208818884352311
80,"StochOptForest
(apx-soln)",1.9692930090902308
80,"StochOptForest
(apx-soln)",1.0720023361187385
80,"StochOptForest
(apx-soln)",1.6233565683743272
80,"StochOptForest
(apx-soln)",1.2181232294373656
80,"StochOptForest
(apx-soln)",1.072112794881803
80,"StochOptForest
(apx-soln)",1.127955672679425
80,"StochOptForest
(apx-soln)",1.086367415540669
80,"StochOptForest
(apx-soln)",1.0923002657295768
80,"StochOptForest
(apx-soln)",1.0771974440476686
80,"StochOptForest
(apx-soln)",1.1777335757176617
80,"StochOptForest
(apx-soln)",1.1200243898959301
80,"StochOptForest
(apx-soln)",1.1992019518152643
80,"StochOptForest
(apx-soln)",1.1775355455800156
80,"StochOptForest
(apx-soln)",1.332018737891447
80,"StochOptForest
(apx-soln)",1.4231695268764897
80,"StochOptForest
(apx-soln)",1.142983041758892
80,"StochOptForest
(apx-soln)",1.0707281405686868
80,"StochOptForest
(apx-risk)",1.3023035684043125
80,"StochOptForest
(apx-risk)",1.289903211962724
80,"StochOptForest
(apx-risk)",1.11221888889393
80,"StochOptForest
(apx-risk)",1.306199205065364
80,"StochOptForest
(apx-risk)",1.1029249002755517
80,"StochOptForest
(apx-risk)",1.0898585196641064
80,"StochOptForest
(apx-risk)",1.616268281740321
80,"StochOptForest
(apx-risk)",1.7534783426371838
80,"StochOptForest
(apx-risk)",1.1171523292145813
80,"StochOptForest
(apx-risk)",1.0783503643916423
80,"StochOptForest
(apx-risk)",1.386909006541321
80,"StochOptForest
(apx-risk)",1.950714071059045
80,"StochOptForest
(apx-risk)",1.1287869038538363
80,"StochOptForest
(apx-risk)",1.0846777844160302
80,"StochOptForest
(apx-risk)",1.1074065794028523
80,"StochOptForest
(apx-risk)",1.3460925729221789
80,"StochOptForest
(apx-risk)",1.2993990334310588
80,"StochOptForest
(apx-risk)",1.1093495330873113
80,"StochOptForest
(apx-risk)",1.12524793715661
80,"StochOptForest
(apx-risk)",1.217104434586651
80,"StochOptForest
(apx-risk)",1.1903481704229513
80,"StochOptForest
(apx-risk)",1.133919217291354
80,"StochOptForest
(apx-risk)",1.5701631886883072
80,"StochOptForest
(apx-risk)",1.1406636072643253
80,"StochOptForest
(apx-risk)",1.1232520853361385
80,"StochOptForest
(apx-risk)",1.1407220798214601
80,"StochOptForest
(apx-risk)",1.3311469477667117
80,"StochOptForest
(apx-risk)",1.3380026776318794
80,"StochOptForest
(apx-risk)",1.1591313824061376
80,"StochOptForest
(apx-risk)",1.3088518143891277
80,"StochOptForest
(apx-risk)",1.1580357447462732
80,"StochOptForest
(apx-risk)",1.1441048759377626
80,"StochOptForest
(apx-risk)",1.2058550091603033
80,"StochOptForest
(apx-risk)",1.991666096719711
80,"StochOptForest
(apx-risk)",1.086824142009111
80,"StochOptForest
(apx-risk)",1.6155396977493401
80,"StochOptForest
(apx-risk)",1.3072640757043008
80,"StochOptForest
(apx-risk)",1.129750423243246
80,"StochOptForest
(apx-risk)",1.1689128343741715
80,"StochOptForest
(apx-risk)",1.1079259497397491
80,"StochOptForest
(apx-risk)",1.116540138062603
80,"StochOptForest
(apx-risk)",1.097591226900317
80,"StochOptForest
(apx-risk)",1.2229426438131472
80,"StochOptForest
(apx-risk)",1.143710519030004
80,"StochOptForest
(apx-risk)",1.1941325837422692
80,"StochOptForest
(apx-risk)",1.2716217821273037
80,"StochOptForest
(apx-risk)",1.3502701232102428
80,"StochOptForest
(apx-risk)",1.4311439656376264
80,"StochOptForest
(apx-risk)",1.1545147321422082
80,"StochOptForest
(apx-risk)",1.1023903163897693
80,5-NN,2.4853599265930146
80,5-NN,3.0336355606260286
80,5-NN,2.978685344410551
80,5-NN,3.0231381996110995
80,5-NN,2.6901439650698933
80,5-NN,3.0838915798507647
80,5-NN,3.874631394552371
80,5-NN,3.4379284603254416
80,5-NN,2.965193589009103
80,5-NN,2.6400915816156805
80,5-NN,3.456418335901952
80,5-NN,3.9682806875350844
80,5-NN,3.162513555946226
80,5-NN,2.2610952308041026
80,5-NN,2.5224831133285845
80,5-NN,2.8497019777442123
80,5-NN,3.104620574555667
80,5-NN,2.854899362656553
80,5-NN,2.8729112655694578
80,5-NN,3.3726388386066124
80,5-NN,3.2321653918338726
80,5-NN,3.303012848169426
80,5-NN,3.166949254635474
80,5-NN,3.2275943909882154
80,5-NN,3.1867115647433186
80,5-NN,2.869039563659419
80,5-NN,3.1318953662641995
80,5-NN,3.115581174203613
80,5-NN,3.421360785970592
80,5-NN,2.9204909970882675
80,5-NN,2.4430740908045783
80,5-NN,2.763935366469722
80,5-NN,2.776115896983596
80,5-NN,3.489426405547759
80,5-NN,3.1150487672522504
80,5-NN,3.2963990834483576
80,5-NN,2.9387384877736666
80,5-NN,2.5170965259501363
80,5-NN,2.746166239246172
80,5-NN,2.8741458909184985
80,5-NN,2.9812168863377217
80,5-NN,2.9752760261794062
80,5-NN,3.327682337085575
80,5-NN,2.9133812743872487
80,5-NN,2.6345357048326883
80,5-NN,3.1332250089545095
80,5-NN,2.931164830012796
80,5-NN,2.924351770115397
80,5-NN,3.0689095418420647
80,5-NN,2.999413075921616
80,10-NN,2.3397633448973787
80,10-NN,2.69377961462133
80,10-NN,2.4498262660420154
80,10-NN,2.498640581063608
80,10-NN,2.4923491310758923
80,10-NN,2.8534049147913123
80,10-NN,3.262073999261973
80,10-NN,2.754002148527518
80,10-NN,2.589246275253409
80,10-NN,2.3559429108755667
80,10-NN,2.8522575356275923
80,10-NN,3.5159439245893043
80,10-NN,2.77697987620564
80,10-NN,2.0600800294105555
80,10-NN,2.215664039105979
80,10-NN,2.5482220626829823
80,10-NN,2.7159644687136413
80,10-NN,2.5610441763458462
80,10-NN,2.2437866365669077
80,10-NN,2.9158860021127904
80,10-NN,2.755724569680322
80,10-NN,2.62875768279871
80,10-NN,2.7157784021177203
80,10-NN,2.6534002664617726
80,10-NN,2.738293149861934
80,10-NN,2.5590662080782254
80,10-NN,2.4676178216546294
80,10-NN,2.722704221353739
80,10-NN,2.7854117903539386
80,10-NN,2.4738461109476613
80,10-NN,2.2912803898932537
80,10-NN,2.2889122915663807
80,10-NN,2.1632750096865414
80,10-NN,3.0043732750165457
80,10-NN,2.4683568195343195
80,10-NN,2.982657440986484
80,10-NN,2.3963178940940133
80,10-NN,2.1608271753370127
80,10-NN,2.3900258376803216
80,10-NN,2.5265455816927282
80,10-NN,2.528748101223947
80,10-NN,2.4776171982011954
80,10-NN,2.866056701506109
80,10-NN,2.326097702654009
80,10-NN,2.3933456735929766
80,10-NN,2.7842616058581346
80,10-NN,2.574414390306951
80,10-NN,2.487218824730293
80,10-NN,2.5035173078340036
80,10-NN,2.2343891643115086
80,50-NN,2.1542413450843134
80,50-NN,2.1865403283679563
80,50-NN,2.1624794313572546
80,50-NN,2.34572702557184
80,50-NN,2.168301689083702
80,50-NN,2.256611847968201
80,50-NN,3.0970883855538474
80,50-NN,2.5922223662945743
80,50-NN,2.116096465957581
80,50-NN,2.0533364751839076
80,50-NN,2.428866531621725
80,50-NN,3.149577990448744
80,50-NN,2.067901183728464
80,50-NN,1.9482352509074214
80,50-NN,1.8667353499947055
80,50-NN,2.5676891461008
80,50-NN,2.471807742152544
80,50-NN,2.171294792942352
80,50-NN,2.1996463358902782
80,50-NN,2.3520729471171427
80,50-NN,2.155235436963079
80,50-NN,2.2740157506985845
80,50-NN,2.3954176816053097
80,50-NN,2.3192477068336914
80,50-NN,2.0617791466247537
80,50-NN,2.045097583580106
80,50-NN,2.360986464642198
80,50-NN,2.273346521847553
80,50-NN,2.118306711934923
80,50-NN,2.2402007291425337
80,50-NN,1.8831126389627768
80,50-NN,2.1202047415214755
80,50-NN,2.052560187952508
80,50-NN,2.8172339653814
80,50-NN,2.002233814946741
80,50-NN,2.623780589693272
80,50-NN,2.086743277131674
80,50-NN,1.9318931667661117
80,50-NN,2.1669603031811717
80,50-NN,2.0712836771301224
80,50-NN,2.0927408485185737
80,50-NN,2.0191714214560563
80,50-NN,2.2430748300404573
80,50-NN,1.9193446929722573
80,50-NN,2.3641050825407257
80,50-NN,2.535399172997656
80,50-NN,2.2610193481615757
80,50-NN,2.4509193132027387
80,50-NN,2.3749544617912535
80,50-NN,2.031305437205479
80,100-NN,2.222712071514866
80,100-NN,2.2703573705293363
80,100-NN,2.0236816956734622
80,100-NN,2.331256700201268
80,100-NN,2.163943237177298
80,100-NN,2.2366210979589685
80,100-NN,2.976276353452549
80,100-NN,2.702837429008167
80,100-NN,2.102563390255823
80,100-NN,2.0141280123303753
80,100-NN,2.4214963927257767
80,100-NN,3.151384962785312
80,100-NN,2.080736776071974
80,100-NN,1.922791311048027
80,100-NN,1.8829635287572697
80,100-NN,2.5419416868059055
80,100-NN,2.4201602546032954
80,100-NN,2.1770658880282863
80,100-NN,2.056338641546599
80,100-NN,2.2752403992493218
80,100-NN,2.229947549619378
80,100-NN,2.195181160440958
80,100-NN,2.398333795732087
80,100-NN,2.30415759948126
80,100-NN,2.0441637413608627
80,100-NN,2.0855724883324553
80,100-NN,2.349044874711138
80,100-NN,2.354692838906693
80,100-NN,2.2497510664228875
80,100-NN,2.3137314289145565
80,100-NN,1.9984770171895354
80,100-NN,2.1045910242676418
80,100-NN,2.095481510909506
80,100-NN,2.8563174965300773
80,100-NN,2.0765175441995707
80,100-NN,2.6270939173080676
80,100-NN,2.1439862161044636
80,100-NN,1.963922463580315
80,100-NN,2.1233732844882844
80,100-NN,2.09710364885033
80,100-NN,2.0500641510163105
80,100-NN,2.12019079017016
80,100-NN,2.2427994294750997
80,100-NN,1.8461133564104848
80,100-NN,2.3775021087749217
80,100-NN,2.5514689408529727
80,100-NN,2.2971080540123427
80,100-NN,2.5398395241586247
80,100-NN,2.271371920285761
80,100-NN,1.9710185043181552
